1,12.110,1
1,15.110,1
1,18.110,0
1,21.110,0
3,24.110,1
3,25.610,0
4,27.110,0.560,1
1,30.110,0
1,31.610,1
4,33.110,0.560,0
1,36.110,1
1,37.610,0
5,39.110,1
1,42.110,0
1,43.610,1
5,45.110,0
3,48.110,1
3,49.610,1
3,51.110,0
3,52.610,0
5,54.110,1
5,55.610,0
4,57.110,0.560,1
4,60.110,1.020,1
1,61.610,0
1,63.110,0
5,64.610,1
4,66.110,1.020,0
1,67.610,1
1,69.110,1
1,70.610,0
1,72.110,1
4,73.610,0.560,0
4,76.610,0.560,1
1,78.110,0
3,79.610,1
1,81.110,1
3,82.610,0
4,84.110,1.680,0
1,84.860,1
1,86.360,1
1,87.860,1
4,90.110,1.020,1
1,90.860,0
1,92.360,0
1,93.860,0
1,95.360,0
5,96.110,1
4,97.610,0.560,0
1,100.610,0
5,102.110,0
4,103.610,0.280,1
1,105.110,1
4,106.610,0.280,1
1,108.110,1
1,109.610,0
1,111.110,0
1,112.610,1
1,114.110,1
1,114.297,1
1,117.110,0
1,117.297,0
1,120.110,1
1,123.110,1
1,126.110,0
4,129.110,1.020,0
1,130.610,1
1,132.110,1
1,133.610,0
1,135.110,1
1,136.610,0
2.139,110,1
2,139.610,0
1,141.110,1
1,142.610,0
1,144.110,1
1,144.297,1
1,146.360,1
1,147.860,1
1,149.360,1
1,150.110,0
1,150.297,0
1,152.360,0
4,153.110,0.280,1
1,154.610,0
4,156.110,1.020,1
1,157.610,0
1,159.110,0
5,160.610,1
4,162.110,1.020,0
1,163.610,1
1,165.110,1
5,166.610,1
1,168.110,1
1,168.860,0
1,170.360,0
1,171.860,1
5,173.360,0
1,174.860,1
1,176.360,1
1,177.860,0
3,179.360,1
3,179.360,0
4,180.110,1.020,1
1,180.860,0
1,182.360,0
1,183.860,0
4,186.110,0.56,0
1,186.860,1
1,188.360,1
1,188.547,1
1,189.860,0
1,191.360,1
1,192.110,0
1,192.297,0
1,193.610,1
1,193.797,1
5,195.110,0
5,196.610,1
4,198.110,0.560,1
1,199.610,0
4,201.110,0.560,0
1,202.610,1
1,204.110,1
1,205.610,1
1,207.110,0
1,208.610,1
1,210.110,0
1,211.610,0
1,213.110,1
1,214.610,0
4,216.110,0.280,1
1,218.360,1
4,219.110,0.280,0
3,220.610,1
1,222.110,0
1,223.610,1
1,225.110,0
4,226.610,0.200,1
4,226.610,0.200,0
3,226.910,0.200,1
3,226.910,0.200,0